PSNR: 27.662135721704008, SSIM: 0.8972858257293451, LPIPS: 0.042196645867079496
Score: 24.899187303614426, G-PSNR: 23.98697507895286, S-PSNR: 22.847722445469262, Global-PSNR: 27.862864386421155